0 0.3525390625 0.40234375 0.0419921875 0.0732421875
5 0.283203125 0.07421875 0.08203125 0.1484375
2 0.357421875 0.4912109375 0.0947265625 0.1455078125
3 0.3681640625 0.94921875 0.076171875 0.1015625
3 0.9365234375 0.8125 0.06640625 0.37109375
3 0.6396484375 0.826171875 0.08203125 0.34765625
3 0.45703125 0.892578125 0.0712890625 0.21484375
3 0.5537109375 0.8935546875 0.0625 0.212890625
3 0.580078125 0.8349609375 0.076171875 0.330078125
1 0.517444271484375 0.99492592578125 0.9982328125 0.99907407421875 0.998511978515625 0.915343517578125 0.799821875 0.87602777734375 0.517444271484375 0.99492592578125
