4 0.369140625 0.4912109375 0.03515625 0.1806640625
3 0.4169921875 0.8251953125 0.0947265625 0.349609375
3 0.2734375 0.6025390625 0.0751953125 0.236328125
3 0.466796875 0.482421875 0.0556640625 0.2060546875
3 0.640625 0.5322265625 0.0380859375 0.193359375
3 0.0517578125 0.6259765625 0.06640625 0.2861328125
3 0.5439453125 0.4892578125 0.03125 0.1708984375
3 0.55859375 0.5244140625 0.0380859375 0.2080078125
3 0.6064453125 0.5888671875 0.02734375 0.287109375
3 0.5791015625 0.6044921875 0.052734375 0.2705078125
4 0.02734375 0.8740234375 0.0517578125 0.251953125
5 0.2294921875 0.0732421875 0.0615234375 0.1171875
2 0.2568359375 0.3095703125 0.0595703125 0.091796875
0 0.431640625 0.41796875 0.0283203125 0.0556640625
3 0.505859375 0.6669921875 0.0888671875 0.25
1 1 0.67135277734375 0.503559375 0.555986111328125 0.000520833984375 0.74887592578125 0.000520833984375 0.982639814453125 0.998965625 0.99907407421875 1 0.67135277734375
