0 0.5419921875 0.3916015625 0.0390625 0.0654296875
5 0.7353515625 0.1435546875 0.07421875 0.166015625
2 0.677734375 0.486328125 0.078125 0.1171875
3 0.1044921875 0.7119140625 0.0732421875 0.298828125
4 0.4853515625 0.7138671875 0.0380859375 0.2783203125
3 0.7177734375 0.955078125 0.064453125 0.08984375
3 0.2958984375 0.8544921875 0.052734375 0.291015625
3 0.2626953125 0.849609375 0.0341796875 0.30078125
3 0.2138671875 0.8134765625 0.083984375 0.3388671875
3 0.580078125 0.7802734375 0.0771484375 0.439453125
3 0.5068359375 0.66796875 0.09375 0.5078125
1 0.333321875 0.790457408203125 0.001127603515625 0.83332222265625 0.000520833984375 0.99907407421875 0.72024375 0.99907407421875 0.333321875 0.790457408203125
