1 0.7544640625 0.744709259765625 0.259710416015625 0.99907407421875 0.999479166015625 0.99815 0.999479166015625 0.76580092578125 0.7544640625 0.744709259765625
3 0.294921875 0.8671875 0.09375 0.265625
3 0.75 0.779296875 0.078125 0.4296875
3 0.44921875 0.708984375 0.06640625 0.4716796875
3 0.5869140625 0.75 0.072265625 0.5
3 0.49609375 0.71875 0.0654296875 0.4677734375
3 0.548828125 0.6669921875 0.0546875 0.654296875
4 0.62890625 0.6455078125 0.0595703125 0.3369140625
0 0.517578125 0.3173828125 0.0498046875 0.0537109375
2 0.3876953125 0.3662109375 0.08203125 0.1494140625
5 0.3154296875 0.021484375 0.072265625 0.04296875
