3 0.955078125 0.7275390625 0.0830078125 0.376953125
3 0.84375 0.5732421875 0.0498046875 0.2392578125
3 0.7822265625 0.5888671875 0.0732421875 0.26171875
3 0.548828125 0.568359375 0.064453125 0.177734375
3 0.505859375 0.4501953125 0.0615234375 0.18359375
3 0.2900390625 0.5615234375 0.095703125 0.234375
3 0.638671875 0.7060546875 0.048828125 0.3291015625
3 0.611328125 0.76171875 0.0732421875 0.369140625
4 0.1181640625 0.462890625 0.052734375 0.2265625
2 0.9189453125 0.326171875 0.0576171875 0.10546875
5 0.962890625 0.1162109375 0.052734375 0.111328125
1 0.712239583984375 0.5069444453125 0.0018359375 0.5289981484375 0.000520833984375 0.99310092578125 1 0.99907407421875 0.9996234375 0.67292407421875 0.712239583984375 0.5069444453125
0 0.3193359375 0.64453125 0.0302734375 0.048828125
