0 0.4580078125 0.3916015625 0.0390625 0.0654296875
5 0.2646484375 0.1435546875 0.07421875 0.166015625
2 0.322265625 0.486328125 0.078125 0.1171875
3 0.8955078125 0.7119140625 0.0732421875 0.298828125
4 0.5146484375 0.7138671875 0.0380859375 0.2783203125
3 0.2822265625 0.955078125 0.064453125 0.08984375
3 0.7041015625 0.8544921875 0.052734375 0.291015625
3 0.7373046875 0.849609375 0.0341796875 0.30078125
3 0.7861328125 0.8134765625 0.083984375 0.3388671875
3 0.419921875 0.7802734375 0.0771484375 0.439453125
3 0.4931640625 0.66796875 0.09375 0.5078125
1 0.998872396484375 0.83332222265625 0.666678125 0.790457408203125 0.27975625 0.99907407421875 0.999479166015625 0.99907407421875 0.998872396484375 0.83332222265625
