1 0.001769791015625 0.4381768515625 0 0.99907407421875 0.999479166015625 0.99907407421875 0.999479166015625 0.367058333984375 0.8556546875 0.3121694453125 0.001769791015625 0.4381768515625
0 0.4580078125 0.630859375 0.04296875 0.0927734375
3 0.4326171875 0.2431640625 0.08203125 0.30078125
3 0.7197265625 0.2060546875 0.0595703125 0.2587890625
3 0.962890625 0.5576171875 0.07421875 0.435546875
3 0.8115234375 0.5009765625 0.09765625 0.4814453125
3 0.8349609375 0.2841796875 0.076171875 0.330078125
3 0.6494140625 0.6875 0.125 0.5341796875
3 0.5615234375 0.705078125 0.2265625 0.525390625
3 0.2763671875 0.7568359375 0.1298828125 0.486328125
3 0.095703125 0.5419921875 0.1904296875 0.4306640625
3 0.0986328125 0.3876953125 0.09765625 0.349609375
4 0.92578125 0.8740234375 0.1279296875 0.251953125
