0 0.7958984375 0.6318359375 0.0302734375 0.0517578125
5 0.5869140625 0.13671875 0.0537109375 0.1044921875
2 0.541015625 0.3876953125 0.0556640625 0.1005859375
3 0.0478515625 0.576171875 0.0576171875 0.271484375
3 0.576171875 0.7626953125 0.1669921875 0.248046875
3 0.2119140625 0.599609375 0.0625 0.2431640625
3 0.3955078125 0.6796875 0.06640625 0.31640625
3 0.4912109375 0.6884765625 0.0400390625 0.2578125
3 0.4248046875 0.7646484375 0.0947265625 0.2900390625
3 0.15625 0.82421875 0.1044921875 0.330078125
3 0.046875 0.8876953125 0.0927734375 0.2197265625
4 0.978515625 0.8193359375 0.04296875 0.275390625
1 0.986824478515625 0.998559259765625 0.29525 0.6236944453125 0.000902083984375 0.6551694453125 0.000520833984375 0.99907407421875 0.986824478515625 0.998559259765625
