1 0.999479166015625 0.99907407421875 0.9993109375 0.333860185546875 0.7544671875 0.247690740234375 0.001488021484375 0.376984259765625 0.000897916015625 0.378534259765625 0 0.99907407421875 0.999479166015625 0.99907407421875
0 0.529296875 0.7646484375 0.0390625 0.0751953125
3 0.17578125 0.33203125 0.080078125 0.322265625
4 0.9169921875 0.1708984375 0.0537109375 0.2275390625
3 0.4541015625 0.3408203125 0.0576171875 0.294921875
3 0.5625 0.1923828125 0.0322265625 0.2099609375
3 0.513671875 0.2392578125 0.04296875 0.2529296875
3 0.8515625 0.314453125 0.06640625 0.328125
3 0.8125 0.2392578125 0.064453125 0.2822265625
3 0.5537109375 0.6318359375 0.10546875 0.3564453125
3 0.478515625 0.7509765625 0.193359375 0.4443359375
