0 0.80859375 0.451171875 0.029296875 0.02734375
1 0.21484375 0.361328125 0.048828125 0.048828125
4 0.1640625 0.23828125 0.05078125 0.0390625
2 0.3203125 0.51953125 0.064453125 0.146484375
2 0.22265625 0.576171875 0.056640625 0.1953125
2 0.06640625 0.669921875 0.07421875 0.224609375
2 0.05078125 0.556640625 0.064453125 0.177734375
2 0.51953125 0.47265625 0.078125 0.1328125
2 0.60546875 0.447265625 0.052734375 0.123046875
2 0.697265625 0.5546875 0.0390625 0.185546875
2 0.9765625 0.55859375 0.04296875 0.2109375
2 0.79296875 0.494140625 0.0546875 0.15234375
2 0.728515625 0.50390625 0.044921875 0.125
3 0.740234375 0.431640625 0.03515625 0.111328125