3 0.044921875 0.7275390625 0.0830078125 0.376953125
3 0.15625 0.5732421875 0.0498046875 0.2392578125
3 0.2177734375 0.5888671875 0.0732421875 0.26171875
3 0.451171875 0.568359375 0.064453125 0.177734375
3 0.494140625 0.4501953125 0.0615234375 0.18359375
3 0.7099609375 0.5615234375 0.095703125 0.234375
3 0.361328125 0.7060546875 0.048828125 0.3291015625
3 0.388671875 0.76171875 0.0732421875 0.369140625
4 0.8818359375 0.462890625 0.052734375 0.2265625
2 0.0810546875 0.326171875 0.0576171875 0.10546875
5 0.037109375 0.1162109375 0.052734375 0.111328125
1 0.999479166015625 0.99310092578125 0.9981640625 0.5289981484375 0.287760416015625 0.5069444453125 0.0003765625 0.67292407421875 0 0.99907407421875 0.999479166015625 0.99310092578125
0 0.6806640625 0.64453125 0.0302734375 0.048828125
