1 0.740289583984375 0.99907407421875 0.2455359375 0.744709259765625 0.000520833984375 0.76580092578125 0.000520833984375 0.99815 0.740289583984375 0.99907407421875
3 0.705078125 0.8671875 0.09375 0.265625
3 0.25 0.779296875 0.078125 0.4296875
3 0.55078125 0.708984375 0.06640625 0.4716796875
3 0.4130859375 0.75 0.072265625 0.5
3 0.50390625 0.71875 0.0654296875 0.4677734375
3 0.451171875 0.6669921875 0.0546875 0.654296875
4 0.37109375 0.6455078125 0.0595703125 0.3369140625
0 0.482421875 0.3173828125 0.0498046875 0.0537109375
2 0.6123046875 0.3662109375 0.08203125 0.1494140625
5 0.6845703125 0.021484375 0.072265625 0.04296875
