4 0.630859375 0.4912109375 0.03515625 0.1806640625
3 0.5830078125 0.8251953125 0.0947265625 0.349609375
3 0.7265625 0.6025390625 0.0751953125 0.236328125
3 0.533203125 0.482421875 0.0556640625 0.2060546875
3 0.359375 0.5322265625 0.0380859375 0.193359375
3 0.9482421875 0.6259765625 0.06640625 0.2861328125
3 0.4560546875 0.4892578125 0.03125 0.1708984375
3 0.44140625 0.5244140625 0.0380859375 0.2080078125
3 0.3935546875 0.5888671875 0.02734375 0.287109375
3 0.4208984375 0.6044921875 0.052734375 0.2705078125
4 0.97265625 0.8740234375 0.0517578125 0.251953125
5 0.7705078125 0.0732421875 0.0615234375 0.1171875
2 0.7431640625 0.3095703125 0.0595703125 0.091796875
0 0.568359375 0.41796875 0.0283203125 0.0556640625
3 0.494140625 0.6669921875 0.0888671875 0.25
1 0 0.67135277734375 0.001034375 0.99907407421875 0.999479166015625 0.982639814453125 0.999479166015625 0.74887592578125 0.496440625 0.555986111328125 0 0.67135277734375
