0 0.19140625 0.451171875 0.029296875 0.02734375
1 0.78515625 0.361328125 0.048828125 0.048828125
4 0.8359375 0.23828125 0.05078125 0.0390625
2 0.6796875 0.51953125 0.064453125 0.146484375
2 0.77734375 0.576171875 0.056640625 0.1953125
2 0.93359375 0.669921875 0.07421875 0.224609375
2 0.94921875 0.556640625 0.064453125 0.177734375
2 0.48046875 0.47265625 0.078125 0.1328125
2 0.39453125 0.447265625 0.052734375 0.123046875
2 0.302734375 0.5546875 0.0390625 0.185546875
2 0.0234375 0.55859375 0.04296875 0.2109375
2 0.20703125 0.494140625 0.0546875 0.15234375
2 0.271484375 0.50390625 0.044921875 0.125
3 0.259765625 0.431640625 0.03515625 0.111328125