1 0.9966109375 0.542043517578125 0.510027083984375 0.507481482421875 0.001488021484375 0.7976194453125 0 0.998139814453125 0.999479166015625 0.99907407421875 0.9966109375 0.542043517578125
5 0.26171875 0.099609375 0.044921875 0.095703125
2 0.3046875 0.3134765625 0.0419921875 0.0732421875
4 0.8046875 0.4365234375 0.04296875 0.1962890625
3 0.4296875 0.802734375 0.08203125 0.39453125
3 0.587890625 0.6689453125 0.0810546875 0.2880859375
3 0.9189453125 0.6591796875 0.111328125 0.3232421875
3 0.947265625 0.5546875 0.046875 0.259765625
3 0.6474609375 0.564453125 0.060546875 0.2373046875
3 0.4462890625 0.521484375 0.0517578125 0.2099609375
3 0.50390625 0.5166015625 0.03515625 0.2353515625
3 0.5234375 0.4716796875 0.044921875 0.1953125
3 0.3212890625 0.583984375 0.05859375 0.20703125
3 0.3271484375 0.7705078125 0.0888671875 0.365234375
0 0.453125 0.75 0.0341796875 0.06640625
