3 0.564453125 0.849609375 0.134765625 0.30078125
3 0.595703125 0.5478515625 0.099609375 0.2763671875
3 0.771484375 0.6103515625 0.08984375 0.294921875
3 0.966796875 0.6650390625 0.064453125 0.302734375
3 0.1171875 0.6259765625 0.1171875 0.3349609375
3 0.267578125 0.6005859375 0.072265625 0.31640625
3 0.3291015625 0.6552734375 0.0751953125 0.3837890625
3 0.4638671875 0.6826171875 0.0908203125 0.3935546875
4 0.443359375 0.501953125 0.0625 0.2490234375
4 0.0302734375 0.919921875 0.060546875 0.16015625
2 0.326171875 0.2978515625 0.0546875 0.115234375
5 0.298828125 0.044921875 0.064453125 0.08984375
1 1 0.993862962890625 0.998897916015625 0.682043517578125 0.614519271484375 0.589512962890625 0.000520833984375 0.815687962890625 0.000520833984375 0.996778703125 1 0.993862962890625
0 0.52734375 0.4619140625 0.0263671875 0.0625
