1 0.998511978515625 0.376984259765625 0.2455328125 0.247690740234375 0.0006890625 0.333860185546875 0.000520833984375 0.99907407421875 1 0.99907407421875 0.999102083984375 0.378534259765625 0.998511978515625 0.376984259765625
0 0.470703125 0.7646484375 0.0390625 0.0751953125
3 0.82421875 0.33203125 0.080078125 0.322265625
4 0.0830078125 0.1708984375 0.0537109375 0.2275390625
3 0.5458984375 0.3408203125 0.0576171875 0.294921875
3 0.4375 0.1923828125 0.0322265625 0.2099609375
3 0.486328125 0.2392578125 0.04296875 0.2529296875
3 0.1484375 0.314453125 0.06640625 0.328125
3 0.1875 0.2392578125 0.064453125 0.2822265625
3 0.4462890625 0.6318359375 0.10546875 0.3564453125
3 0.521484375 0.7509765625 0.193359375 0.4443359375
