2 0.435546875 0.697265625 0.134765625 0.169921875
2 0.404296875 0.52734375 0.099609375 0.15625
2 0.228515625 0.5625 0.08984375 0.166015625
2 0.033203125 0.59375 0.064453125 0.169921875
2 0.8828125 0.5703125 0.1171875 0.1875
2 0.732421875 0.556640625 0.072265625 0.177734375
2 0.669921875 0.587890625 0.076171875 0.216796875
2 0.537109375 0.603515625 0.08984375 0.220703125
3 0.556640625 0.501953125 0.0625 0.140625
3 0.9697265625 0.736328125 0.060546875 0.08984375
1 0.673828125 0.38671875 0.0546875 0.064453125
4 0.701171875 0.244140625 0.064453125 0.05078125
0 0.47265625 0.478515625 0.02734375 0.03515625