0 0.205078125 0.57421875 0.03125 0.029296875
4 0.412109375 0.294921875 0.052734375 0.05859375
1 0.458984375 0.4375 0.0546875 0.056640625
2 0.953125 0.54296875 0.05859375 0.15234375
2 0.423828125 0.6484375 0.166015625 0.138671875
2 0.787109375 0.556640625 0.0625 0.13671875
2 0.603515625 0.6015625 0.06640625 0.177734375
2 0.509765625 0.60546875 0.041015625 0.14453125
2 0.576171875 0.6484375 0.09375 0.1640625
2 0.84375 0.681640625 0.103515625 0.185546875
2 0.953125 0.71875 0.09375 0.123046875
3 0.021484375 0.6796875 0.04296875 0.154296875