3 0.9208984375 0.55078125 0.06640625 0.3193359375
3 0.98046875 0.5107421875 0.0390625 0.2900390625
3 0.7021484375 0.5224609375 0.0693359375 0.2998046875
3 0.6376953125 0.49609375 0.0712890625 0.36328125
3 0.12109375 0.7802734375 0.0966796875 0.439453125
3 0.552734375 0.5166015625 0.0546875 0.2744140625
3 0.4951171875 0.5048828125 0.0390625 0.2822265625
3 0.4482421875 0.5205078125 0.0400390625 0.25
3 0.4638671875 0.552734375 0.0439453125 0.255859375
4 0.0546875 0.5732421875 0.0390625 0.302734375
0 0.4501953125 0.1689453125 0.0244140625 0.0595703125
2 0.435546875 0.2529296875 0.0595703125 0.0888671875
5 0.408203125 0.025390625 0.0537109375 0.05078125
1 0.000744271484375 0.753968517578125 0.000520833984375 0.99907407421875 0.999924478515625 0.99907407421875 0.999697916015625 0.594106482421875 0.696198958984375 0.51919537109375 0.000744271484375 0.753968517578125
