3 0.1005859375 0.5322265625 0.109375 0.384765625
3 0.4814453125 0.443359375 0.05078125 0.3017578125
3 0.3505859375 0.6884765625 0.134765625 0.341796875
3 0.48046875 0.8076171875 0.1005859375 0.3837890625
3 0.65234375 0.5927734375 0.08984375 0.39453125
3 0.7529296875 0.5615234375 0.068359375 0.4140625
3 0.2236328125 0.4541015625 0.037109375 0.302734375
3 0.2255859375 0.39453125 0.0673828125 0.25
0 0.5771484375 0.375 0.0400390625 0.068359375
1 0.999255728515625 0.649471296875 0.227036458984375 0.505534259765625 0.000520833984375 0.5955018515625 0.000520833984375 0.99907407421875 1 0.99907407421875 0.999255728515625 0.649471296875
