0 0.2041015625 0.6318359375 0.0302734375 0.0517578125
5 0.4130859375 0.13671875 0.0537109375 0.1044921875
2 0.458984375 0.3876953125 0.0556640625 0.1005859375
3 0.9521484375 0.576171875 0.0576171875 0.271484375
3 0.423828125 0.7626953125 0.1669921875 0.248046875
3 0.7880859375 0.599609375 0.0625 0.2431640625
3 0.6044921875 0.6796875 0.06640625 0.31640625
3 0.5087890625 0.6884765625 0.0400390625 0.2578125
3 0.5751953125 0.7646484375 0.0947265625 0.2900390625
3 0.84375 0.82421875 0.1044921875 0.330078125
3 0.953125 0.8876953125 0.0927734375 0.2197265625
4 0.021484375 0.8193359375 0.04296875 0.275390625
1 0.999479166015625 0.99907407421875 0.999097916015625 0.6551694453125 0.70475 0.6236944453125 0.013175521484375 0.998559259765625 0.999479166015625 0.99907407421875
