0 0.80859375 0.4140625 0.0302734375 0.0478515625
2 0.2138671875 0.2529296875 0.0498046875 0.087890625
5 0.1640625 0.0341796875 0.05078125 0.068359375
3 0.3203125 0.533203125 0.064453125 0.259765625
3 0.2236328125 0.63671875 0.056640625 0.34765625
3 0.06640625 0.80078125 0.0751953125 0.3984375
3 0.05078125 0.6015625 0.064453125 0.314453125
3 0.51953125 0.4501953125 0.078125 0.2373046875
3 0.60546875 0.4052734375 0.0517578125 0.2177734375
3 0.697265625 0.595703125 0.0390625 0.330078125
3 0.9755859375 0.603515625 0.04296875 0.375
3 0.7919921875 0.48828125 0.0546875 0.2705078125
3 0.7275390625 0.505859375 0.044921875 0.2236328125
4 0.7392578125 0.376953125 0.0361328125 0.1962890625
1 0 0.99907407421875 0.99904375 0.99649722265625 0.999479166015625 0.493391666015625 0.441409375 0.461040740234375 0 0.711639814453125 0 0.99907407421875
