2 0.955078125 0.62890625 0.08203125 0.2109375
2 0.84375 0.541015625 0.048828125 0.134765625
2 0.783203125 0.55078125 0.072265625 0.146484375
2 0.548828125 0.5390625 0.064453125 0.099609375
2 0.505859375 0.47265625 0.0625 0.103515625
2 0.291015625 0.53515625 0.095703125 0.1328125
2 0.638671875 0.615234375 0.048828125 0.185546875
2 0.611328125 0.646484375 0.07421875 0.20703125
3 0.119140625 0.478515625 0.052734375 0.126953125
1 0.919921875 0.40234375 0.056640625 0.05859375
4 0.962890625 0.283203125 0.052734375 0.0625
0 0.318359375 0.58203125 0.03125 0.02734375