2 0.029296875 0.6484375 0.056640625 0.2734375
2 0.142578125 0.634765625 0.1015625 0.193359375
2 0.462890625 0.6171875 0.083984375 0.2265625
2 0.59375 0.59765625 0.080078125 0.18359375
2 0.73828125 0.55078125 0.072265625 0.166015625
2 0.580078125 0.58203125 0.04296875 0.177734375
2 0.54296875 0.580078125 0.044921875 0.142578125
2 0.666015625 0.515625 0.052734375 0.236328125
0 0.703125 0.37890625 0.046875 0.044921875
1 0.58203125 0.375 0.052734375 0.07421875
3 0.060546875 0.595703125 0.064453125 0.1875