3 0.0283203125 0.72265625 0.056640625 0.4091796875
3 0.1416015625 0.7041015625 0.1015625 0.291015625
3 0.462890625 0.6767578125 0.083984375 0.3388671875
3 0.5927734375 0.6474609375 0.0791015625 0.2763671875
3 0.7373046875 0.5771484375 0.0732421875 0.248046875
3 0.5810546875 0.6240234375 0.04296875 0.267578125
3 0.5439453125 0.6220703125 0.0458984375 0.21484375
3 0.6650390625 0.5244140625 0.052734375 0.3544921875
0 0.703125 0.318359375 0.0478515625 0.068359375
2 0.5810546875 0.3125 0.0537109375 0.1123046875
4 0.0595703125 0.64453125 0.064453125 0.2822265625
1 0.998697916015625 0.998046875 0.997395833984375 0.704427734375 0.15002734375 0.722666015625 0 0.7535703125 0.000200521484375 0.998046875 0.998697916015625 0.998046875
