3 0.9716796875 0.72265625 0.056640625 0.4091796875
3 0.8583984375 0.7041015625 0.1015625 0.291015625
3 0.537109375 0.6767578125 0.083984375 0.3388671875
3 0.4072265625 0.6474609375 0.0791015625 0.2763671875
3 0.2626953125 0.5771484375 0.0732421875 0.248046875
3 0.4189453125 0.6240234375 0.04296875 0.267578125
3 0.4560546875 0.6220703125 0.0458984375 0.21484375
3 0.3349609375 0.5244140625 0.052734375 0.3544921875
0 0.296875 0.318359375 0.0478515625 0.068359375
2 0.4189453125 0.3125 0.0537109375 0.1123046875
4 0.9404296875 0.64453125 0.064453125 0.2822265625
1 0.84997265625 0.722666015625 0.002604166015625 0.704427734375 0.001302083984375 0.998046875 0.999799478515625 0.998046875 1 0.7535703125 0.84997265625 0.722666015625
