[625.2178955078125, 1238.953125, 691.353759765625, 1302.76123046875]
[625.2178955078125, 1238.953125, 691.353759765625, 1302.76123046875]
[625.2178955078125, 1238.953125, 691.353759765625, 1302.76123046875]
[625.2178955078125, 1238.953125, 691.353759765625, 1302.76123046875]
[625.2178955078125, 1238.953125, 691.353759765625, 1302.76123046875]
[625.2178955078125, 1238.953125, 691.353759765625, 1302.76123046875]
[625.2178955078125, 1238.953125, 691.353759765625, 1302.76123046875]
[625.2178955078125, 1238.953125, 691.353759765625, 1302.76123046875]
[625.2178955078125, 1238.953125, 691.353759765625, 1302.76123046875]
[625.2178955078125, 1238.953125, 691.353759765625, 1302.76123046875]
[625.2178955078125, 1238.953125, 691.353759765625, 1302.76123046875]
[625.2178955078125, 1238.953125, 691.353759765625, 1302.76123046875]
[625.2178955078125, 1238.953125, 691.353759765625, 1302.76123046875]
[631.3154296875, 1277.64794921875, 682.6481323242188, 1341.265380859375]
[629.0799597915338, 1275.3310497050384, 680.2080078125, 1338.8873166454082]
[626.8444898955676, 1273.0141501913265, 677.7678833007812, 1336.5092524314414]
[624.6090199996014, 1270.6972506776149, 675.3277587890625, 1334.1311882174746]
[622.3735501036352, 1268.380351163903, 672.8876342773438, 1331.7531240035078]
[620.138080207669, 1266.0634516501914, 670.447509765625, 1329.3750597895407]
[617.9026103117028, 1263.7465521364795, 668.0073852539062, 1326.996995575574]
[615.6671404157366, 1261.429652622768, 665.5672607421875, 1324.618931361607]
[613.4316705197704, 1259.112753109056, 663.1271362304688, 1322.2408671476403]
[611.1962006238042, 1256.7958535953444, 660.68701171875, 1319.8628029336735]
[608.960730727838, 1254.4789540816328, 658.2468872070312, 1317.4847387197067]
[606.7252608318718, 1252.162054567921, 655.8067626953125, 1315.1066745057399]
[604.4897909359056, 1249.8451550542093, 653.3666381835938, 1312.728610291773]
[602.2543210399394, 1247.5282555404974, 650.926513671875, 1310.350546077806]
[600.0188511439732, 1245.2113560267858, 648.4863891601562, 1307.9724818638392]
[597.783381248007, 1242.894456513074, 646.0462646484375, 1305.5944176498724]
[595.5479113520408, 1240.5775569993623, 643.6061401367188, 1303.2163534359056]
[593.3124414560746, 1238.2606574856504, 641.166015625, 1300.8382892219388]
[591.0769715601084, 1235.9437579719388, 638.7258911132812, 1298.460225007972]
[588.8415016641422, 1233.626858458227, 636.2857666015625, 1296.0821607940052]
[586.606031768176, 1231.3099589445153, 633.8456420898438, 1293.7040965800384]
[584.3705618722098, 1228.9930594308037, 631.405517578125, 1291.3260323660713]
[582.1350919762436, 1226.6761599170918, 628.9653930664062, 1288.9479681521045]
[579.8996220802774, 1224.3592604033802, 626.5252685546875, 1286.5699039381377]
[577.6641521843112, 1222.0423608896683, 624.0851440429688, 1284.191839724171]
[575.428682288345, 1219.7254613759567, 621.64501953125, 1281.813775510204]
[573.1932123923789, 1217.4085618622448, 619.2048950195312, 1279.4357112962373]
[570.9577424964126, 1215.0916623485332, 616.7647705078125, 1277.0576470822705]
[568.7222726004464, 1212.7747628348213, 614.3246459960938, 1274.6795828683037]
[566.4868027044802, 1210.4578633211097, 611.884521484375, 1272.3015186543366]
[564.251332808514, 1208.1409638073978, 609.4443969726562, 1269.9234544403698]
[562.0158629125478, 1205.8240642936862, 607.0042724609375, 1267.545390226403]
[559.7803930165817, 1203.5071647799746, 604.5641479492188, 1265.1673260124362]
[557.5449231206154, 1201.1902652662627, 602.1240234375, 1262.7892617984694]
[555.3094532246492, 1198.873365752551, 599.6838989257812, 1260.4111975845026]
[553.073983328683, 1196.5564662388392, 597.2437744140625, 1258.0331333705358]
[550.8385134327168, 1194.2395667251276, 594.8036499023438, 1255.655069156569]
[548.6030435367506, 1191.9226672114157, 592.363525390625, 1253.277004942602]
[546.3675736407845, 1189.605767697704, 589.9234008789062, 1250.8989407286351]
[544.1321037448182, 1187.2888681839922, 587.4832763671875, 1248.5208765146683]
[541.896633848852, 1184.9719686702806, 585.0431518554688, 1246.1428123007015]
[539.6611639528858, 1182.655069156569, 582.60302734375, 1243.7647480867347]
[537.4256940569196, 1180.338169642857, 580.1629028320312, 1241.386683872768]
[535.1902241609534, 1178.0212701291455, 577.7227783203125, 1239.008619658801]
[532.9547542649873, 1175.7043706154336, 575.2826538085938, 1236.6305554448343]
[530.719284369021, 1173.387471101722, 572.842529296875, 1234.2524912308672]
[528.4838144730548, 1171.0705715880101, 570.4024047851562, 1231.8744270169004]
[526.2483445770887, 1168.7536720742985, 567.9622802734375, 1229.4963628029336]
[524.0128746811224, 1166.4367725605866, 565.5221557617188, 1227.1182985889668]
[521.7774047851562, 1164.119873046875, 563.08203125, 1224.740234375]
[524.261484781901, 1141.652099609375, 566.9036000569662, 1203.1339823404949]
[526.7455647786459, 1119.184326171875, 570.7251688639323, 1181.5277303059895]
[529.2296447753906, 1096.716552734375, 574.5467376708984, 1159.9214782714844]
[531.7137247721354, 1074.248779296875, 578.3683064778646, 1138.3152262369792]
[534.1978047688802, 1051.781005859375, 582.1898752848307, 1116.7089742024739]
[536.681884765625, 1029.313232421875, 586.0114440917969, 1095.1027221679688]
[539.1659647623698, 1006.845458984375, 589.8330128987631, 1073.4964701334636]
[541.6500447591146, 984.377685546875, 593.6545817057291, 1051.8902180989583]
[544.1341247558594, 961.909912109375, 597.4761505126953, 1030.2839660644531]
[546.6182047526041, 939.442138671875, 601.2977193196615, 1008.677714029948]
[549.102284749349, 916.974365234375, 605.1192881266276, 987.0714619954427]
[551.5863647460938, 894.506591796875, 608.9408569335938, 965.4652099609375]
[553.8705444335938, 889.961669921875, 624.5477905273438, 968.72119140625]
[559.53125, 888.41748046875, 640.0923461914062, 969.6844482421875]
[572.413330078125, 898.6468505859375, 644.8302612304688, 981.3343505859375]
[578.8224487304688, 920.6240844726562, 648.8490295410156, 1000.49853515625]
[585.2315673828125, 942.601318359375, 652.8677978515625, 1019.6627197265625]
[587.3636474609375, 976.4464111328125, 651.144287109375, 1052.337646484375]
[580.0855916341146, 1020.5828450520834, 640.6353352864584, 1096.1578776041667]
[572.8075358072916, 1064.7192789713542, 630.1263834635416, 1139.9781087239583]
[565.5294799804688, 1108.855712890625, 619.617431640625, 1183.79833984375]
[556.7242431640625, 1160.2314453125, 633.236328125, 1240.447509765625]
[551.1219482421875, 1215.67138671875, 633.8868408203125, 1305.8828125]
[545.7684326171875, 1287.498291015625, 631.560302734375, 1377.034912109375]
[538.5633544921875, 1283.367431640625, 619.8402099609375, 1358.122802734375]
[525.28466796875, 1215.642578125, 598.6130981445312, 1306.11572265625]
[510.6334533691406, 1171.0096435546875, 582.759033203125, 1257.7086181640625]
[492.97943115234375, 1121.8681640625, 571.3214111328125, 1213.39990234375]
[475.2351379394531, 1085.6337280273438, 558.44677734375, 1177.32763671875]
[457.4908447265625, 1049.3992919921875, 545.5721435546875, 1141.25537109375]
[439.7465515136719, 1013.1648559570312, 532.697509765625, 1105.18310546875]
[432.64544677734375, 993.3279418945312, 516.8578491210938, 1072.99560546875]
[411.79449462890625, 967.6832885742188, 504.08734130859375, 1048.01123046875]
[400.25921630859375, 933.03125, 485.6693115234375, 1036.359619140625]
[384.646728515625, 922.87060546875, 474.2068176269531, 1010.8787841796875]
[364.8892822265625, 907.0916748046875, 449.36224365234375, 994.8486328125]
[349.9389953613281, 893.2512817382812, 436.1355285644531, 987.4443969726562]
[336.50201416015625, 889.32958984375, 428.69024658203125, 979.17236328125]
[321.3103942871094, 887.3208618164062, 407.3272705078125, 977.4138793945312]
[308.5274353027344, 888.9534912109375, 396.5211181640625, 978.912353515625]
[290.7823791503906, 895.968017578125, 389.0592041015625, 986.5537719726562]
[279.2120361328125, 930.0128173828125, 370.5936584472656, 1025.144775390625]
[278.1913146972656, 1004.9647216796875, 372.3778076171875, 1104.2796630859375]
[271.0280456542969, 1083.716796875, 376.86224365234375, 1178.0341796875]
[265.1384582519531, 1167.30224609375, 374.0563659667969, 1268.869384765625]
[271.4850769042969, 1252.3668212890625, 366.03857421875, 1363.63232421875]
[268.44921875, 1328.7764892578125, 364.17626953125, 1438.15185546875]
[264.7198486328125, 1261.0828247070312, 362.14414672851564, 1369.248095703125]
[260.990478515625, 1193.38916015625, 360.1120239257813, 1300.3443359375]
[257.2611083984375, 1125.6954956054688, 358.07990112304685, 1231.440576171875]
[253.53173828125, 1058.0018310546875, 356.0477783203125, 1162.53681640625]
[249.8023681640625, 990.3081665039062, 354.0156555175781, 1093.633056640625]
[246.7437744140625, 941.1128540039062, 340.2327575683594, 1032.41943359375]
[244.03762817382812, 888.8523356119791, 334.4618835449219, 985.4961344401041]
[241.33148193359375, 836.5918172200521, 328.6910095214844, 938.5728352864584]
[238.62533569335938, 784.331298828125, 322.9201354980469, 891.6495361328125]
[236.99026489257812, 748.5963134765625, 326.5992431640625, 851.1304321289062]
[233.89581298828125, 710.8485717773438, 331.06787109375, 816.5416259765625]
[233.83438110351562, 681.7380981445312, 337.0170593261719, 788.5277099609375]
[235.16258239746094, 666.407958984375, 336.05670166015625, 773.3128662109375]
[239.22349548339844, 699.83349609375, 338.53570556640625, 807.6088256835938]
[241.00804138183594, 735.6798706054688, 354.410400390625, 844.3258666992188]
[246.220458984375, 771.2817993164062, 361.2784423828125, 881.820556640625]
[261.6400451660156, 821.3212280273438, 372.66741943359375, 929.8357543945312]
[269.6932373046875, 871.4002075195312, 381.354736328125, 986.9357299804688]
[280.67852783203125, 929.378173828125, 390.3957824707031, 1048.379150390625]
[285.9326477050781, 999.4912719726562, 406.6482238769531, 1123.228759765625]
[287.7364196777344, 1065.2288818359375, 412.14678955078125, 1190.440673828125]
[310.934814453125, 1157.86962890625, 436.6236572265625, 1290.337646484375]
[324.4671936035156, 1245.71875, 445.62615966796875, 1379.08544921875]
[334.3140869140625, 1348.756591796875, 456.4613342285156, 1482.5313720703125]
[330.2830352783203, 1297.9859619140625, 454.97621154785156, 1430.8423461914062]
[326.2519836425781, 1247.21533203125, 453.4910888671875, 1379.1533203125]
[324.94801330566406, 1174.9736328125, 448.83531188964844, 1305.3674926757812]
[323.64404296875, 1102.73193359375, 444.1795349121094, 1231.5816650390625]
[302.4648742675781, 1040.742919921875, 439.2171936035156, 1163.693115234375]
[297.463623046875, 975.3658447265625, 426.6719970703125, 1108.51318359375]
[295.9791259765625, 983.7698364257812, 401.1693420410156, 1053.12890625]
[286.7567138671875, 868.241943359375, 418.7471008300781, 1003.439453125]
[282.687255859375, 827.4276123046875, 405.12762451171875, 964.7607421875]
[274.99871826171875, 792.6307983398438, 405.805908203125, 923.3193969726562]
[268.4888916015625, 757.6935424804688, 402.22222900390625, 891.4969482421875]
[260.37640380859375, 734.9818115234375, 394.07244873046875, 867.1085205078125]
[258.10333251953125, 713.3076782226562, 384.646484375, 850.2277221679688]
[253.3377227783203, 703.0345458984375, 381.367919921875, 839.9390258789062]
[248.39886474609375, 698.3161010742188, 383.34027099609375, 827.7520751953125]
[239.91893005371094, 696.6884765625, 381.9355773925781, 823.2867431640625]
[235.97149658203125, 694.734130859375, 378.6553955078125, 831.749755859375]
[233.3785858154297, 703.2199096679688, 372.50201416015625, 846.5599365234375]
[229.40771484375, 723.6599731445312, 368.6599884033203, 867.4947509765625]
[225.4368438720703, 744.1000366210938, 364.8179626464844, 888.4295654296875]
[223.81576538085938, 774.2814331054688, 372.4845886230469, 924.156005859375]
[222.3866729736328, 814.9345092773438, 345.8270263671875, 964.5606079101562]
[212.03805541992188, 858.1774291992188, 362.0492248535156, 1009.6115112304688]
[202.64996337890625, 918.718994140625, 340.32733154296875, 1060.0947265625]
[204.02481079101562, 975.3548583984375, 341.7664794921875, 1120.77392578125]
[200.88674926757812, 1040.05126953125, 345.6309814453125, 1193.6810302734375]
[195.88526916503906, 1118.540771484375, 351.2747802734375, 1270.568115234375]
[189.58726501464844, 1203.132080078125, 349.2232666015625, 1356.4371337890625]
[192.4365234375, 1292.428466796875, 343.71173095703125, 1455.237548828125]
[185.12095642089844, 1390.687744140625, 341.39178466796875, 1561.0169677734375]
[181.20162963867188, 1388.830078125, 333.7861328125, 1553.6187744140625]
[175.70022583007812, 1309.475830078125, 335.6250915527344, 1470.7386474609375]
[176.10205078125, 1230.4132080078125, 324.3686828613281, 1393.46826171875]
[170.54869079589844, 1159.2066650390625, 323.741943359375, 1318.9698486328125]
[160.45761108398438, 1095.962890625, 312.18280029296875, 1254.5787353515625]
[154.34140014648438, 1039.020263671875, 313.3101806640625, 1200.3812255859375]
[152.17990112304688, 986.2213134765625, 316.90057373046875, 1153.8968505859375]
[145.2220001220703, 940.53515625, 307.3548889160156, 1107.205810546875]
[141.60386657714844, 910.62451171875, 306.0918273925781, 1077.1182861328125]
[137.8681182861328, 887.1961669921875, 300.8963928222656, 1042.4937744140625]
[134.6544952392578, 864.744873046875, 297.6507568359375, 1027.2960205078125]
[129.1831817626953, 848.1683349609375, 296.7355041503906, 1009.842041015625]
[126.605712890625, 866.091064453125, 290.9521484375, 1027.644287109375]
[125.29330444335938, 939.5372314453125, 293.11029052734375, 1094.9630126953125]
[118.456787109375, 1042.4681396484375, 280.9781799316406, 1208.7249755859375]
[111.76860046386719, 1157.4027099609375, 281.6296691894531, 1340.328369140625]
[109.087890625, 1286.1492919921875, 275.97723388671875, 1458.78076171875]
[104.32614135742188, 1417.416015625, 282.1156005859375, 1600.191650390625]
[92.67184448242188, 1394.8984375, 263.38702392578125, 1583.787841796875]
[78.47943115234375, 1291.5751953125, 248.04505920410156, 1470.54541015625]
[62.37986755371094, 1188.57080078125, 209.02679443359375, 1368.097900390625]
[47.02185821533203, 1118.7902018229167, 202.08740234375, 1295.8120930989583]
[31.663848876953125, 1049.0096028645833, 195.14801025390625, 1223.5262858072917]
[16.30583953857422, 979.22900390625, 188.2086181640625, 1151.240478515625]
[21.23909568786621, 951.97265625, 201.82379150390625, 1120.57177734375]
[32.91954803466797, 919.6983032226562, 208.0372314453125, 1098.1644287109375]
[57.26005554199219, 898.6358642578125, 227.88075256347656, 1066.025390625]
[78.8733901977539, 877.3809814453125, 249.40652465820312, 1048.4775390625]
